Лабораторная работа № 5
Собтвенные числа и собственные вектора

Вариант 1
  1.288255   -0.352203   -0.152815   -0.066304   -0.028768   -0.012482   -0.005416   -0.002350   -0.001020   -0.000491
 -0.352203    2.135440   -0.418507   -0.181583   -0.078786   -0.034184   -0.014832   -0.006435   -0.002792   -0.001345
 -0.152815   -0.418507    3.106672   -0.430989   -0.186999   -0.081136   -0.035204   -0.015274   -0.006627   -0.003192
 -0.066304   -0.181583   -0.430989    4.101256   -0.433339   -0.188019   -0.081578   -0.035395   -0.015358   -0.007396
 -0.028768   -0.078786   -0.186999   -0.433339    5.100236   -0.433781   -0.188211   -0.081662   -0.035432   -0.017063
 -0.012482   -0.034184   -0.081136   -0.188019   -0.433781    6.100045   -0.433864   -0.188247   -0.081677   -0.039334
 -0.005416   -0.014832   -0.035204   -0.081578   -0.188211   -0.433864    7.100008   -0.433880   -0.188254   -0.090658
 -0.002350   -0.006435   -0.015274   -0.035395   -0.081662   -0.188247   -0.433880    8.100002   -0.433883   -0.208947
 -0.001020   -0.002792   -0.006627   -0.015358   -0.035432   -0.081677   -0.188254   -0.433883    9.100000   -0.481574
 -0.000491   -0.001345   -0.003192   -0.007396   -0.017063   -0.039334   -0.090658   -0.208947   -0.481574    9.868086

Вариант 2
  1.388255   -0.352203   -0.152815   -0.066304   -0.028768   -0.012482   -0.005416   -0.002350   -0.001020   -0.000491
 -0.352203    2.235440   -0.418507   -0.181583   -0.078786   -0.034184   -0.014832   -0.006435   -0.002792   -0.001345
 -0.152815   -0.418507    3.206672   -0.430989   -0.186999   -0.081136   -0.035204   -0.015274   -0.006627   -0.003192
 -0.066304   -0.181583   -0.430989    4.201256   -0.433339   -0.188019   -0.081578   -0.035395   -0.015358   -0.007396
 -0.028768   -0.078786   -0.186999   -0.433339    5.200236   -0.433781   -0.188211   -0.081662   -0.035432   -0.017063
 -0.012482   -0.034184   -0.081136   -0.188019   -0.433781    6.200045   -0.433864   -0.188247   -0.081677   -0.039334
 -0.005416   -0.014832   -0.035204   -0.081578   -0.188211   -0.433864    7.200008   -0.433880   -0.188254   -0.090658
 -0.002350   -0.006435   -0.015274   -0.035395   -0.081662   -0.188247   -0.433880    8.200002   -0.433883   -0.208947
 -0.001020   -0.002792   -0.006627   -0.015358   -0.035432   -0.081677   -0.188254   -0.433883    9.200000   -0.481574
 -0.000491   -0.001345   -0.003192   -0.007396   -0.017063   -0.039334   -0.090658   -0.208947   -0.481574    9.968086

Вариант 3
  1.488255   -0.352203   -0.152815   -0.066304   -0.028768   -0.012482   -0.005416   -0.002350   -0.001020   -0.000491
 -0.352203    2.335440   -0.418507   -0.181583   -0.078786   -0.034184   -0.014832   -0.006435   -0.002792   -0.001345
 -0.152815   -0.418507    3.306672   -0.430989   -0.186999   -0.081136   -0.035204   -0.015274   -0.006627   -0.003192
 -0.066304   -0.181583   -0.430989    4.301256   -0.433339   -0.188019   -0.081578   -0.035395   -0.015358   -0.007396
 -0.028768   -0.078786   -0.186999   -0.433339    5.300236   -0.433781   -0.188211   -0.081662   -0.035432   -0.017063
 -0.012482   -0.034184   -0.081136   -0.188019   -0.433781    6.300045   -0.433864   -0.188247   -0.081677   -0.039334
 -0.005416   -0.014832   -0.035204   -0.081578   -0.188211   -0.433864    7.300008   -0.433880   -0.188254   -0.090658
 -0.002350   -0.006435   -0.015274   -0.035395   -0.081662   -0.188247   -0.433880    8.300002   -0.433883   -0.208947
 -0.001020   -0.002792   -0.006627   -0.015358   -0.035432   -0.081677   -0.188254   -0.433883    9.300000   -0.481574
 -0.000491   -0.001345   -0.003192   -0.007396   -0.017063   -0.039334   -0.090658   -0.208947   -0.481574   10.068086

Вариант 4
  1.588255   -0.352203   -0.152815   -0.066304   -0.028768   -0.012482   -0.005416   -0.002350   -0.001020   -0.000491
 -0.352203    2.435440   -0.418507   -0.181583   -0.078786   -0.034184   -0.014832   -0.006435   -0.002792   -0.001345
 -0.152815   -0.418507    3.406672   -0.430989   -0.186999   -0.081136   -0.035204   -0.015274   -0.006627   -0.003192
 -0.066304   -0.181583   -0.430989    4.401256   -0.433339   -0.188019   -0.081578   -0.035395   -0.015358   -0.007396
 -0.028768   -0.078786   -0.186999   -0.433339    5.400236   -0.433781   -0.188211   -0.081662   -0.035432   -0.017063
 -0.012482   -0.034184   -0.081136   -0.188019   -0.433781    6.400045   -0.433864   -0.188247   -0.081677   -0.039334
 -0.005416   -0.014832   -0.035204   -0.081578   -0.188211   -0.433864    7.400008   -0.433880   -0.188254   -0.090658
 -0.002350   -0.006435   -0.015274   -0.035395   -0.081662   -0.188247   -0.433880    8.400002   -0.433883   -0.208947
 -0.001020   -0.002792   -0.006627   -0.015358   -0.035432   -0.081677   -0.188254   -0.433883    9.400000   -0.481574
 -0.000491   -0.001345   -0.003192   -0.007396   -0.017063   -0.039334   -0.090658   -0.208947   -0.481574   10.168086

Вариант 5
  1.688255   -0.352203   -0.152815   -0.066304   -0.028768   -0.012482   -0.005416   -0.002350   -0.001020   -0.000491
 -0.352203    2.535440   -0.418507   -0.181583   -0.078786   -0.034184   -0.014832   -0.006435   -0.002792   -0.001345
 -0.152815   -0.418507    3.506672   -0.430989   -0.186999   -0.081136   -0.035204   -0.015274   -0.006627   -0.003192
 -0.066304   -0.181583   -0.430989    4.501256   -0.433339   -0.188019   -0.081578   -0.035395   -0.015358   -0.007396
 -0.028768   -0.078786   -0.186999   -0.433339    5.500236   -0.433781   -0.188211   -0.081662   -0.035432   -0.017063
 -0.012482   -0.034184   -0.081136   -0.188019   -0.433781    6.500045   -0.433864   -0.188247   -0.081677   -0.039334
 -0.005416   -0.014832   -0.035204   -0.081578   -0.188211   -0.433864    7.500008   -0.433880   -0.188254   -0.090658
 -0.002350   -0.006435   -0.015274   -0.035395   -0.081662   -0.188247   -0.433880    8.500002   -0.433883   -0.208947
 -0.001020   -0.002792   -0.006627   -0.015358   -0.035432   -0.081677   -0.188254   -0.433883    9.500000   -0.481574
 -0.000491   -0.001345   -0.003192   -0.007396   -0.017063   -0.039334   -0.090658   -0.208947   -0.481574   10.268086

Вариант 6
  1.788255   -0.352203   -0.152815   -0.066304   -0.028768   -0.012482   -0.005416   -0.002350   -0.001020   -0.000491
 -0.352203    2.635440   -0.418507   -0.181583   -0.078786   -0.034184   -0.014832   -0.006435   -0.002792   -0.001345
 -0.152815   -0.418507    3.606672   -0.430989   -0.186999   -0.081136   -0.035204   -0.015274   -0.006627   -0.003192
 -0.066304   -0.181583   -0.430989    4.601256   -0.433339   -0.188019   -0.081578   -0.035395   -0.015358   -0.007396
 -0.028768   -0.078786   -0.186999   -0.433339    5.600236   -0.433781   -0.188211   -0.081662   -0.035432   -0.017063
 -0.012482   -0.034184   -0.081136   -0.188019   -0.433781    6.600045   -0.433864   -0.188247   -0.081677   -0.039334
 -0.005416   -0.014832   -0.035204   -0.081578   -0.188211   -0.433864    7.600008   -0.433880   -0.188254   -0.090658
 -0.002350   -0.006435   -0.015274   -0.035395   -0.081662   -0.188247   -0.433880    8.600002   -0.433883   -0.208947
 -0.001020   -0.002792   -0.006627   -0.015358   -0.035432   -0.081677   -0.188254   -0.433883    9.600000   -0.481574
 -0.000491   -0.001345   -0.003192   -0.007396   -0.017063   -0.039334   -0.090658   -0.208947   -0.481574   10.368086

Вариант 7
  1.888255   -0.352203   -0.152815   -0.066304   -0.028768   -0.012482   -0.005416   -0.002350   -0.001020   -0.000491
 -0.352203    2.735440   -0.418507   -0.181583   -0.078786   -0.034184   -0.014832   -0.006435   -0.002792   -0.001345
 -0.152815   -0.418507    3.706672   -0.430989   -0.186999   -0.081136   -0.035204   -0.015274   -0.006627   -0.003192
 -0.066304   -0.181583   -0.430989    4.701256   -0.433339   -0.188019   -0.081578   -0.035395   -0.015358   -0.007396
 -0.028768   -0.078786   -0.186999   -0.433339    5.700236   -0.433781   -0.188211   -0.081662   -0.035432   -0.017063
 -0.012482   -0.034184   -0.081136   -0.188019   -0.433781    6.700045   -0.433864   -0.188247   -0.081677   -0.039334
 -0.005416   -0.014832   -0.035204   -0.081578   -0.188211   -0.433864    7.700008   -0.433880   -0.188254   -0.090658
 -0.002350   -0.006435   -0.015274   -0.035395   -0.081662   -0.188247   -0.433880    8.700002   -0.433883   -0.208947
 -0.001020   -0.002792   -0.006627   -0.015358   -0.035432   -0.081677   -0.188254   -0.433883    9.700000   -0.481574
 -0.000491   -0.001345   -0.003192   -0.007396   -0.017063   -0.039334   -0.090658   -0.208947   -0.481574   10.468086

Вариант 8
  1.988255   -0.352203   -0.152815   -0.066304   -0.028768   -0.012482   -0.005416   -0.002350   -0.001020   -0.000491
 -0.352203    2.835440   -0.418507   -0.181583   -0.078786   -0.034184   -0.014832   -0.006435   -0.002792   -0.001345
 -0.152815   -0.418507    3.806672   -0.430989   -0.186999   -0.081136   -0.035204   -0.015274   -0.006627   -0.003192
 -0.066304   -0.181583   -0.430989    4.801256   -0.433339   -0.188019   -0.081578   -0.035395   -0.015358   -0.007396
 -0.028768   -0.078786   -0.186999   -0.433339    5.800236   -0.433781   -0.188211   -0.081662   -0.035432   -0.017063
 -0.012482   -0.034184   -0.081136   -0.188019   -0.433781    6.800045   -0.433864   -0.188247   -0.081677   -0.039334
 -0.005416   -0.014832   -0.035204   -0.081578   -0.188211   -0.433864    7.800008   -0.433880   -0.188254   -0.090658
 -0.002350   -0.006435   -0.015274   -0.035395   -0.081662   -0.188247   -0.433880    8.800002   -0.433883   -0.208947
 -0.001020   -0.002792   -0.006627   -0.015358   -0.035432   -0.081677   -0.188254   -0.433883    9.800000   -0.481574
 -0.000491   -0.001345   -0.003192   -0.007396   -0.017063   -0.039334   -0.090658   -0.208947   -0.481574   10.568086

Вариант 9
  2.088255   -0.352203   -0.152815   -0.066304   -0.028768   -0.012482   -0.005416   -0.002350   -0.001020   -0.000491
 -0.352203    2.935440   -0.418507   -0.181583   -0.078786   -0.034184   -0.014832   -0.006435   -0.002792   -0.001345
 -0.152815   -0.418507    3.906672   -0.430989   -0.186999   -0.081136   -0.035204   -0.015274   -0.006627   -0.003192
 -0.066304   -0.181583   -0.430989    4.901256   -0.433339   -0.188019   -0.081578   -0.035395   -0.015358   -0.007396
 -0.028768   -0.078786   -0.186999   -0.433339    5.900236   -0.433781   -0.188211   -0.081662   -0.035432   -0.017063
 -0.012482   -0.034184   -0.081136   -0.188019   -0.433781    6.900045   -0.433864   -0.188247   -0.081677   -0.039334
 -0.005416   -0.014832   -0.035204   -0.081578   -0.188211   -0.433864    7.900008   -0.433880   -0.188254   -0.090658
 -0.002350   -0.006435   -0.015274   -0.035395   -0.081662   -0.188247   -0.433880    8.900002   -0.433883   -0.208947
 -0.001020   -0.002792   -0.006627   -0.015358   -0.035432   -0.081677   -0.188254   -0.433883    9.900000   -0.481574
 -0.000491   -0.001345   -0.003192   -0.007396   -0.017063   -0.039334   -0.090658   -0.208947   -0.481574   10.668086

Вариант 10
  2.188255   -0.352203   -0.152815   -0.066304   -0.028768   -0.012482   -0.005416   -0.002350   -0.001020   -0.000491
 -0.352203    3.035440   -0.418507   -0.181583   -0.078786   -0.034184   -0.014832   -0.006435   -0.002792   -0.001345
 -0.152815   -0.418507    4.006672   -0.430989   -0.186999   -0.081136   -0.035204   -0.015274   -0.006627   -0.003192
 -0.066304   -0.181583   -0.430989    5.001256   -0.433339   -0.188019   -0.081578   -0.035395   -0.015358   -0.007396
 -0.028768   -0.078786   -0.186999   -0.433339    6.000236   -0.433781   -0.188211   -0.081662   -0.035432   -0.017063
 -0.012482   -0.034184   -0.081136   -0.188019   -0.433781    7.000045   -0.433864   -0.188247   -0.081677   -0.039334
 -0.005416   -0.014832   -0.035204   -0.081578   -0.188211   -0.433864    8.000008   -0.433880   -0.188254   -0.090658
 -0.002350   -0.006435   -0.015274   -0.035395   -0.081662   -0.188247   -0.433880    9.000002   -0.433883   -0.208947
 -0.001020   -0.002792   -0.006627   -0.015358   -0.035432   -0.081677   -0.188254   -0.433883   10.000000   -0.481574
 -0.000491   -0.001345   -0.003192   -0.007396   -0.017063   -0.039334   -0.090658   -0.208947   -0.481574   10.768086

Вариант 11
  2.288255   -0.352203   -0.152815   -0.066304   -0.028768   -0.012482   -0.005416   -0.002350   -0.001020   -0.000491
 -0.352203    3.135440   -0.418507   -0.181583   -0.078786   -0.034184   -0.014832   -0.006435   -0.002792   -0.001345
 -0.152815   -0.418507    4.106672   -0.430989   -0.186999   -0.081136   -0.035204   -0.015274   -0.006627   -0.003192
 -0.066304   -0.181583   -0.430989    5.101256   -0.433339   -0.188019   -0.081578   -0.035395   -0.015358   -0.007396
 -0.028768   -0.078786   -0.186999   -0.433339    6.100236   -0.433781   -0.188211   -0.081662   -0.035432   -0.017063
 -0.012482   -0.034184   -0.081136   -0.188019   -0.433781    7.100045   -0.433864   -0.188247   -0.081677   -0.039334
 -0.005416   -0.014832   -0.035204   -0.081578   -0.188211   -0.433864    8.100008   -0.433880   -0.188254   -0.090658
 -0.002350   -0.006435   -0.015274   -0.035395   -0.081662   -0.188247   -0.433880    9.100002   -0.433883   -0.208947
 -0.001020   -0.002792   -0.006627   -0.015358   -0.035432   -0.081677   -0.188254   -0.433883   10.100000   -0.481574
 -0.000491   -0.001345   -0.003192   -0.007396   -0.017063   -0.039334   -0.090658   -0.208947   -0.481574   10.868086

Вариант 12
  2.388255   -0.352203   -0.152815   -0.066304   -0.028768   -0.012482   -0.005416   -0.002350   -0.001020   -0.000491
 -0.352203    3.235440   -0.418507   -0.181583   -0.078786   -0.034184   -0.014832   -0.006435   -0.002792   -0.001345
 -0.152815   -0.418507    4.206672   -0.430989   -0.186999   -0.081136   -0.035204   -0.015274   -0.006627   -0.003192
 -0.066304   -0.181583   -0.430989    5.201256   -0.433339   -0.188019   -0.081578   -0.035395   -0.015358   -0.007396
 -0.028768   -0.078786   -0.186999   -0.433339    6.200236   -0.433781   -0.188211   -0.081662   -0.035432   -0.017063
 -0.012482   -0.034184   -0.081136   -0.188019   -0.433781    7.200045   -0.433864   -0.188247   -0.081677   -0.039334
 -0.005416   -0.014832   -0.035204   -0.081578   -0.188211   -0.433864    8.200008   -0.433880   -0.188254   -0.090658
 -0.002350   -0.006435   -0.015274   -0.035395   -0.081662   -0.188247   -0.433880    9.200002   -0.433883   -0.208947
 -0.001020   -0.002792   -0.006627   -0.015358   -0.035432   -0.081677   -0.188254   -0.433883   10.200000   -0.481574
 -0.000491   -0.001345   -0.003192   -0.007396   -0.017063   -0.039334   -0.090658   -0.208947   -0.481574   10.968086

Вариант 13
  1.445492   -0.384710   -0.226127   -0.132914   -0.078125   -0.045921   -0.026992   -0.015865   -0.009325   -0.006775
 -0.384710    2.219364   -0.517625   -0.304252   -0.178835   -0.105117   -0.061786   -0.036317   -0.021347   -0.015509
 -0.226127   -0.517625    3.141239   -0.563545   -0.331244   -0.194700   -0.114442   -0.067267   -0.039539   -0.028727
 -0.132914   -0.304252   -0.563545    4.114248   -0.579411   -0.340569   -0.200181   -0.117664   -0.069161   -0.050248
 -0.078125   -0.178835   -0.331244   -0.579411    5.104923   -0.584892   -0.343791   -0.202075   -0.118777   -0.086296
 -0.045921   -0.105117   -0.194700   -0.340569   -0.584892    6.101701   -0.586786   -0.344904   -0.202729   -0.147292
 -0.026992   -0.061786   -0.114442   -0.200181   -0.343791   -0.586786    7.100588   -0.587440   -0.345289   -0.250867
 -0.015865   -0.036317   -0.067267   -0.117664   -0.202075   -0.344904   -0.587440    8.100203   -0.587666   -0.426964
 -0.009325   -0.021347   -0.039539   -0.069161   -0.118777   -0.202729   -0.345289   -0.587666    9.100070   -0.726492
 -0.006775   -0.015509   -0.028727   -0.050248   -0.086296   -0.147292   -0.250867   -0.426964   -0.726492    9.572173

Вариант 14
  1.545492   -0.384710   -0.226127   -0.132914   -0.078125   -0.045921   -0.026992   -0.015865   -0.009325   -0.006775
 -0.384710    2.319364   -0.517625   -0.304252   -0.178835   -0.105117   -0.061786   -0.036317   -0.021347   -0.015509
 -0.226127   -0.517625    3.241239   -0.563545   -0.331244   -0.194700   -0.114442   -0.067267   -0.039539   -0.028727
 -0.132914   -0.304252   -0.563545    4.214248   -0.579411   -0.340569   -0.200181   -0.117664   -0.069161   -0.050248
 -0.078125   -0.178835   -0.331244   -0.579411    5.204923   -0.584892   -0.343791   -0.202075   -0.118777   -0.086296
 -0.045921   -0.105117   -0.194700   -0.340569   -0.584892    6.201701   -0.586786   -0.344904   -0.202729   -0.147292
 -0.026992   -0.061786   -0.114442   -0.200181   -0.343791   -0.586786    7.200588   -0.587440   -0.345289   -0.250867
 -0.015865   -0.036317   -0.067267   -0.117664   -0.202075   -0.344904   -0.587440    8.200203   -0.587666   -0.426964
 -0.009325   -0.021347   -0.039539   -0.069161   -0.118777   -0.202729   -0.345289   -0.587666    9.200070   -0.726492
 -0.006775   -0.015509   -0.028727   -0.050248   -0.086296   -0.147292   -0.250867   -0.426964   -0.726492    9.672173

Вариант 15
  1.645492   -0.384710   -0.226127   -0.132914   -0.078125   -0.045921   -0.026992   -0.015865   -0.009325   -0.006775
 -0.384710    2.419364   -0.517625   -0.304252   -0.178835   -0.105117   -0.061786   -0.036317   -0.021347   -0.015509
 -0.226127   -0.517625    3.341239   -0.563545   -0.331244   -0.194700   -0.114442   -0.067267   -0.039539   -0.028727
 -0.132914   -0.304252   -0.563545    4.314248   -0.579411   -0.340569   -0.200181   -0.117664   -0.069161   -0.050248
 -0.078125   -0.178835   -0.331244   -0.579411    5.304923   -0.584892   -0.343791   -0.202075   -0.118777   -0.086296
 -0.045921   -0.105117   -0.194700   -0.340569   -0.584892    6.301701   -0.586786   -0.344904   -0.202729   -0.147292
 -0.026992   -0.061786   -0.114442   -0.200181   -0.343791   -0.586786    7.300588   -0.587440   -0.345289   -0.250867
 -0.015865   -0.036317   -0.067267   -0.117664   -0.202075   -0.344904   -0.587440    8.300203   -0.587666   -0.426964
 -0.009325   -0.021347   -0.039539   -0.069161   -0.118777   -0.202729   -0.345289   -0.587666    9.300070   -0.726492
 -0.006775   -0.015509   -0.028727   -0.050248   -0.086296   -0.147292   -0.250867   -0.426964   -0.726492    9.772173

Вариант 16
  1.745492   -0.384710   -0.226127   -0.132914   -0.078125   -0.045921   -0.026992   -0.015865   -0.009325   -0.006775
 -0.384710    2.519364   -0.517625   -0.304252   -0.178835   -0.105117   -0.061786   -0.036317   -0.021347   -0.015509
 -0.226127   -0.517625    3.441239   -0.563545   -0.331244   -0.194700   -0.114442   -0.067267   -0.039539   -0.028727
 -0.132914   -0.304252   -0.563545    4.414248   -0.579411   -0.340569   -0.200181   -0.117664   -0.069161   -0.050248
 -0.078125   -0.178835   -0.331244   -0.579411    5.404923   -0.584892   -0.343791   -0.202075   -0.118777   -0.086296
 -0.045921   -0.105117   -0.194700   -0.340569   -0.584892    6.401701   -0.586786   -0.344904   -0.202729   -0.147292
 -0.026992   -0.061786   -0.114442   -0.200181   -0.343791   -0.586786    7.400588   -0.587440   -0.345289   -0.250867
 -0.015865   -0.036317   -0.067267   -0.117664   -0.202075   -0.344904   -0.587440    8.400203   -0.587666   -0.426964
 -0.009325   -0.021347   -0.039539   -0.069161   -0.118777   -0.202729   -0.345289   -0.587666    9.400070   -0.726492
 -0.006775   -0.015509   -0.028727   -0.050248   -0.086296   -0.147292   -0.250867   -0.426964   -0.726492    9.872173

Вариант 17
  1.845492   -0.384710   -0.226127   -0.132914   -0.078125   -0.045921   -0.026992   -0.015865   -0.009325   -0.006775
 -0.384710    2.619364   -0.517625   -0.304252   -0.178835   -0.105117   -0.061786   -0.036317   -0.021347   -0.015509
 -0.226127   -0.517625    3.541239   -0.563545   -0.331244   -0.194700   -0.114442   -0.067267   -0.039539   -0.028727
 -0.132914   -0.304252   -0.563545    4.514248   -0.579411   -0.340569   -0.200181   -0.117664   -0.069161   -0.050248
 -0.078125   -0.178835   -0.331244   -0.579411    5.504923   -0.584892   -0.343791   -0.202075   -0.118777   -0.086296
 -0.045921   -0.105117   -0.194700   -0.340569   -0.584892    6.501701   -0.586786   -0.344904   -0.202729   -0.147292
 -0.026992   -0.061786   -0.114442   -0.200181   -0.343791   -0.586786    7.500588   -0.587440   -0.345289   -0.250867
 -0.015865   -0.036317   -0.067267   -0.117664   -0.202075   -0.344904   -0.587440    8.500203   -0.587666   -0.426964
 -0.009325   -0.021347   -0.039539   -0.069161   -0.118777   -0.202729   -0.345289   -0.587666    9.500070   -0.726492
 -0.006775   -0.015509   -0.028727   -0.050248   -0.086296   -0.147292   -0.250867   -0.426964   -0.726492    9.972173

Вариант 18
  1.945492   -0.384710   -0.226127   -0.132914   -0.078125   -0.045921   -0.026992   -0.015865   -0.009325   -0.006775
 -0.384710    2.719364   -0.517625   -0.304252   -0.178835   -0.105117   -0.061786   -0.036317   -0.021347   -0.015509
 -0.226127   -0.517625    3.641239   -0.563545   -0.331244   -0.194700   -0.114442   -0.067267   -0.039539   -0.028727
 -0.132914   -0.304252   -0.563545    4.614248   -0.579411   -0.340569   -0.200181   -0.117664   -0.069161   -0.050248
 -0.078125   -0.178835   -0.331244   -0.579411    5.604923   -0.584892   -0.343791   -0.202075   -0.118777   -0.086296
 -0.045921   -0.105117   -0.194700   -0.340569   -0.584892    6.601701   -0.586786   -0.344904   -0.202729   -0.147292
 -0.026992   -0.061786   -0.114442   -0.200181   -0.343791   -0.586786    7.600588   -0.587440   -0.345289   -0.250867
 -0.015865   -0.036317   -0.067267   -0.117664   -0.202075   -0.344904   -0.587440    8.600203   -0.587666   -0.426964
 -0.009325   -0.021347   -0.039539   -0.069161   -0.118777   -0.202729   -0.345289   -0.587666    9.600070   -0.726492
 -0.006775   -0.015509   -0.028727   -0.050248   -0.086296   -0.147292   -0.250867   -0.426964   -0.726492   10.072173

Вариант 19
  2.045492   -0.384710   -0.226127   -0.132914   -0.078125   -0.045921   -0.026992   -0.015865   -0.009325   -0.006775
 -0.384710    2.819364   -0.517625   -0.304252   -0.178835   -0.105117   -0.061786   -0.036317   -0.021347   -0.015509
 -0.226127   -0.517625    3.741239   -0.563545   -0.331244   -0.194700   -0.114442   -0.067267   -0.039539   -0.028727
 -0.132914   -0.304252   -0.563545    4.714248   -0.579411   -0.340569   -0.200181   -0.117664   -0.069161   -0.050248
 -0.078125   -0.178835   -0.331244   -0.579411    5.704923   -0.584892   -0.343791   -0.202075   -0.118777   -0.086296
 -0.045921   -0.105117   -0.194700   -0.340569   -0.584892    6.701701   -0.586786   -0.344904   -0.202729   -0.147292
 -0.026992   -0.061786   -0.114442   -0.200181   -0.343791   -0.586786    7.700588   -0.587440   -0.345289   -0.250867
 -0.015865   -0.036317   -0.067267   -0.117664   -0.202075   -0.344904   -0.587440    8.700203   -0.587666   -0.426964
 -0.009325   -0.021347   -0.039539   -0.069161   -0.118777   -0.202729   -0.345289   -0.587666    9.700070   -0.726492
 -0.006775   -0.015509   -0.028727   -0.050248   -0.086296   -0.147292   -0.250867   -0.426964   -0.726492   10.172173

Вариант 20
  2.145492   -0.384710   -0.226127   -0.132914   -0.078125   -0.045921   -0.026992   -0.015865   -0.009325   -0.006775
 -0.384710    2.919364   -0.517625   -0.304252   -0.178835   -0.105117   -0.061786   -0.036317   -0.021347   -0.015509
 -0.226127   -0.517625    3.841239   -0.563545   -0.331244   -0.194700   -0.114442   -0.067267   -0.039539   -0.028727
 -0.132914   -0.304252   -0.563545    4.814248   -0.579411   -0.340569   -0.200181   -0.117664   -0.069161   -0.050248
 -0.078125   -0.178835   -0.331244   -0.579411    5.804923   -0.584892   -0.343791   -0.202075   -0.118777   -0.086296
 -0.045921   -0.105117   -0.194700   -0.340569   -0.584892    6.801701   -0.586786   -0.344904   -0.202729   -0.147292
 -0.026992   -0.061786   -0.114442   -0.200181   -0.343791   -0.586786    7.800588   -0.587440   -0.345289   -0.250867
 -0.015865   -0.036317   -0.067267   -0.117664   -0.202075   -0.344904   -0.587440    8.800203   -0.587666   -0.426964
 -0.009325   -0.021347   -0.039539   -0.069161   -0.118777   -0.202729   -0.345289   -0.587666    9.800070   -0.726492
 -0.006775   -0.015509   -0.028727   -0.050248   -0.086296   -0.147292   -0.250867   -0.426964   -0.726492   10.272173

Вариант 21
  2.245492   -0.384710   -0.226127   -0.132914   -0.078125   -0.045921   -0.026992   -0.015865   -0.009325   -0.006775
 -0.384710    3.019364   -0.517625   -0.304252   -0.178835   -0.105117   -0.061786   -0.036317   -0.021347   -0.015509
 -0.226127   -0.517625    3.941239   -0.563545   -0.331244   -0.194700   -0.114442   -0.067267   -0.039539   -0.028727
 -0.132914   -0.304252   -0.563545    4.914248   -0.579411   -0.340569   -0.200181   -0.117664   -0.069161   -0.050248
 -0.078125   -0.178835   -0.331244   -0.579411    5.904923   -0.584892   -0.343791   -0.202075   -0.118777   -0.086296
 -0.045921   -0.105117   -0.194700   -0.340569   -0.584892    6.901701   -0.586786   -0.344904   -0.202729   -0.147292
 -0.026992   -0.061786   -0.114442   -0.200181   -0.343791   -0.586786    7.900588   -0.587440   -0.345289   -0.250867
 -0.015865   -0.036317   -0.067267   -0.117664   -0.202075   -0.344904   -0.587440    8.900203   -0.587666   -0.426964
 -0.009325   -0.021347   -0.039539   -0.069161   -0.118777   -0.202729   -0.345289   -0.587666    9.900070   -0.726492
 -0.006775   -0.015509   -0.028727   -0.050248   -0.086296   -0.147292   -0.250867   -0.426964   -0.726492   10.372173

Вариант 22
  2.345492   -0.384710   -0.226127   -0.132914   -0.078125   -0.045921   -0.026992   -0.015865   -0.009325   -0.006775
 -0.384710    3.119364   -0.517625   -0.304252   -0.178835   -0.105117   -0.061786   -0.036317   -0.021347   -0.015509
 -0.226127   -0.517625    4.041239   -0.563545   -0.331244   -0.194700   -0.114442   -0.067267   -0.039539   -0.028727
 -0.132914   -0.304252   -0.563545    5.014248   -0.579411   -0.340569   -0.200181   -0.117664   -0.069161   -0.050248
 -0.078125   -0.178835   -0.331244   -0.579411    6.004923   -0.584892   -0.343791   -0.202075   -0.118777   -0.086296
 -0.045921   -0.105117   -0.194700   -0.340569   -0.584892    7.001701   -0.586786   -0.344904   -0.202729   -0.147292
 -0.026992   -0.061786   -0.114442   -0.200181   -0.343791   -0.586786    8.000588   -0.587440   -0.345289   -0.250867
 -0.015865   -0.036317   -0.067267   -0.117664   -0.202075   -0.344904   -0.587440    9.000203   -0.587666   -0.426964
 -0.009325   -0.021347   -0.039539   -0.069161   -0.118777   -0.202729   -0.345289   -0.587666   10.000070   -0.726492
 -0.006775   -0.015509   -0.028727   -0.050248   -0.086296   -0.147292   -0.250867   -0.426964   -0.726492   10.472173

Вариант 23
  2.445492   -0.384710   -0.226127   -0.132914   -0.078125   -0.045921   -0.026992   -0.015865   -0.009325   -0.006775
 -0.384710    3.219364   -0.517625   -0.304252   -0.178835   -0.105117   -0.061786   -0.036317   -0.021347   -0.015509
 -0.226127   -0.517625    4.141239   -0.563545   -0.331244   -0.194700   -0.114442   -0.067267   -0.039539   -0.028727
 -0.132914   -0.304252   -0.563545    5.114248   -0.579411   -0.340569   -0.200181   -0.117664   -0.069161   -0.050248
 -0.078125   -0.178835   -0.331244   -0.579411    6.104923   -0.584892   -0.343791   -0.202075   -0.118777   -0.086296
 -0.045921   -0.105117   -0.194700   -0.340569   -0.584892    7.101701   -0.586786   -0.344904   -0.202729   -0.147292
 -0.026992   -0.061786   -0.114442   -0.200181   -0.343791   -0.586786    8.100588   -0.587440   -0.345289   -0.250867
 -0.015865   -0.036317   -0.067267   -0.117664   -0.202075   -0.344904   -0.587440    9.100203   -0.587666   -0.426964
 -0.009325   -0.021347   -0.039539   -0.069161   -0.118777   -0.202729   -0.345289   -0.587666   10.100070   -0.726492
 -0.006775   -0.015509   -0.028727   -0.050248   -0.086296   -0.147292   -0.250867   -0.426964   -0.726492   10.572173

Вариант 24
  2.545492   -0.384710   -0.226127   -0.132914   -0.078125   -0.045921   -0.026992   -0.015865   -0.009325   -0.006775
 -0.384710    3.319364   -0.517625   -0.304252   -0.178835   -0.105117   -0.061786   -0.036317   -0.021347   -0.015509
 -0.226127   -0.517625    4.241239   -0.563545   -0.331244   -0.194700   -0.114442   -0.067267   -0.039539   -0.028727
 -0.132914   -0.304252   -0.563545    5.214248   -0.579411   -0.340569   -0.200181   -0.117664   -0.069161   -0.050248
 -0.078125   -0.178835   -0.331244   -0.579411    6.204923   -0.584892   -0.343791   -0.202075   -0.118777   -0.086296
 -0.045921   -0.105117   -0.194700   -0.340569   -0.584892    7.201701   -0.586786   -0.344904   -0.202729   -0.147292
 -0.026992   -0.061786   -0.114442   -0.200181   -0.343791   -0.586786    8.200588   -0.587440   -0.345289   -0.250867
 -0.015865   -0.036317   -0.067267   -0.117664   -0.202075   -0.344904   -0.587440    9.200203   -0.587666   -0.426964
 -0.009325   -0.021347   -0.039539   -0.069161   -0.118777   -0.202729   -0.345289   -0.587666   10.200070   -0.726492
 -0.006775   -0.015509   -0.028727   -0.050248   -0.086296   -0.147292   -0.250867   -0.426964   -0.726492   10.672173
